16 16 16 06 06 06 06 06 16 16 16
16 16 06 06 06 06 06 06 06 16 16
06 16 06 00 06 06 06 00 06 16 06
16 06 06 06 06 06 06 06 06 06 16
16 16 06 06 00 00 00 06 06 16 16
16 16 16 06 06 06 06 06 16 16 16
16 16 16 16 06 06 06 16 16 16 16
16 04 04 04 04 04 04 04 04 04 16
16 04 16 04 04 04 04 04 16 04 16
16 04 16 04 04 04 04 04 16 04 16
16 04 16 04 04 04 04 04 16 04 16
16 04 16 04 04 04 04 04 16 04 16
16 04 16 04 04 04 04 04 16 04 16
16 06 16 02 02 02 02 02 16 06 16
16 16 16 02 16 16 16 02 16 16 16
16 16 16 02 16 16 16 02 16 16 16
16 16 08 08 16 16 08 08 16 16 16